88,55,88,84,6,60,69,20,50,62,12,82,75,59,47,40,69,87,32,78,4,2,75,55,8,54,16,84,17,4,36,1,79,33,14,26,49,75,71,82,32,
42,66,83,15,68,49,62,87,88,26,0,78,7,36,7,84,34,85,13,65,59,59,93,47,28,32,5,62,22,57,17,29,31,21,5,48,47,5,9,2,61,86,34,29,95,68,63,20,27,57,39,28,91,43,9,1,22,70,94,5,31,25,68,84,46,66,48,1,14,87,43,34,66,47,56,22,13,21,80,17,69,94,78,25,88,64,25,73,87,32,29,15,41,2,68,41,
35,48,46,73,33,37,82,71,76,94,87,96,100,3,26,30,93,36,47,70,38,23,75,33,83,96,76,99,6,25,33,6,64,2,40,18,73,37,14,58,96,27,13,80,52,97,2,79,42,41,16,54,
98,32,32,49,58,12,90,94,5,21,77,71,90,42,7,43,52,90,58,76,68,1,35,16,14,54,91,55,94,62,41,79,23,70,35,87,50,90,29,5,61,18,13,39,1,57,82,41,95,67,44,92,84,98,54,1,93,60,69,16,96,65,10,86,17,33,23,4,8,80,22,18,70,40,7,21,53,82,99,52,32,42,56,92,44,91,29,66,58,45,79,
30,72,45,89,61,28,47,49,18,59,19,77,70,98,53,66,3,23,75,59,19,87,39,67,26,80,47,68,81,76,95,93,50,84,42,27,96,75,83,37,34,43,23,52,59,79,22,39,82,70,41,86,24,55,41,39,62,56,54,30,61,76,22,58,56,73,45,33,69,36,44,84,29,71,93,9,68,27,53,58,27,1,20,62,29,55,34,40,66,58,82,9,81,33,
46,67,67,54,98,96,44,9,92,72,43,83,26,56,27,73,81,58,31,26,7,18,94,97,100,31,55,16,79,12,61,2,84,45,39,18,93,12,37,11,32,41,21,49,8,6,66,
89,72,57,7,81,91,29,19,25,57,24,62,76,44,26,59,47,87,85,71,99,23,52,28,46,83,22,0,99,12,95,64,99,21,79,28,10,65,80,88,44,83,56,78,2,95,42,27,65,62,73,81,17,30,98,59,63,
64,82,49,52,21,92,68,79,2,58,7,16,21,12,45,80,70,43,38,15,78,71,44,42,81,61,21,0,31,59,99,11,23,56,71,28,59,47,57,72,13,25,48,79,34,5,52,11,24,63,42,99,77,71,17,52,77,72,16,76,20,21,88,
20,87,62,85,23,8,90,57,1,43,9,39,21,67,78,31,29,100,55,37,29,1,79,38,66,66,20,77,97,68,15,3,37,15,33,69,24,14,34,92,91,22,48,39,
72,17,45,55,28,14,27,11,67,57,41,17,30,98,83,95,54,62,20,88,1,14,78,62,89,88,63,31,83,79,27,76,53,59,23,35,94,57,93,35,57,2,32,18,94,55,32,66,51,41,6,57,99,34,19,12,48,90,27,52,100,71,70,58,40,5,54,40,23,35,86,84,11,47,13,94,92,3,37,18,21,79,0,3,61,86,1,75,73,90,18,85,
