36,75,26,26,63,25,93,7,61,40,18,59,54,34,27,10,40,89,20,85,56,62,12,24,56,69,30,97,47,7,83,62,33,92,76,25,55,49,31,61,3,90,53,31,23,72,97,64,81,39,71,51,27,34,76,57,71,33,39,87,46,16,66,51,16,44,11,69,26,81,11,88,2,76,91,50,43,97,27,27,78,81,75,2,91,49,83,84,33,70,22,3,60,71,
68,73,84,52,49,88,1,59,58,49,50,53,85,16,19,76,41,90,38,57,65,21,97,59,3,64,22,49,90,17,48,30,74,88,65,5,26,84,36,80,44,
1,37,13,8,39,60,97,25,68,23,54,55,86,62,67,4,40,10,24,4,5,63,86,74,67,10,97,20,55,38,65,51,23,9,78,21,73,47,97,100,36,61,48,40,75,1,67,57,61,87,69,88,33,32,49,95,2,72,60,75,14,75,88,68,90,78,50,25,42,96,54,8,
1,54,46,82,13,78,61,10,72,45,57,31,89,13,83,22,66,93,68,34,24,88,61,8,34,58,45,22,97,39,50,37,6,40,86,26,26,77,79,39,48,99,14,6,
5,95,77,84,1,25,4,43,57,45,72,57,22,4,56,21,3,32,80,99,64,60,71,71,42,74,54,65,48,85,41,88,30,11,24,11,51,56,58,90,95,57,55,41,13,56,23,34,2,36,20,80,54,71,
68,10,71,89,87,29,100,23,83,66,57,87,67,78,76,10,75,47,98,64,55,19,4,58,35,77,16,24,28,74,65,51,11,66,27,91,5,33,78,2,43,41,13,62,24,66,28,36,89,42,60,12,61,75,65,70,71,44,41,57,55,25,95,90,61,73,35,83,5,66,48,70,2,72,67,16,50,64,67,24,41,73,91,1,49,62,14,48,48,
26,3,85,19,42,69,33,22,47,9,33,88,4,8,99,23,2,91,60,24,12,68,47,58,21,34,65,96,33,7,8,87,69,30,94,98,95,9,87,29,63,17,
78,27,14,6,49,1,8,50,11,48,37,82,72,53,59,73,35,28,42,27,12,59,66,20,73,72,43,65,22,11,54,70,35,13,97,27,20,18,68,51,85,73,59,91,38,65,83,55,22,70,5,41,6,17,7,94,9,49,45,40,22,32,59,18,31,70,21,71,4,22,11,6,51,8,48,85,64,70,86,41,27,79,33,68,75,75,48,42,18,3,
74,14,47,62,17,10,58,39,83,46,84,13,35,3,18,40,40,79,86,96,52,4,27,4,72,46,48,33,53,90,24,51,73,53,52,92,57,67,97,48,2,13,63,19,38,87,31,78,14,58,68,52,10,15,33,1,39,1,99,44,30,90,17,13,18,56,62,29,30,73,61,10,34,96,86,19,77,34,68,7,89,
23,74,68,26,92,50,73,55,84,100,82,8,23,87,60,94,72,19,47,70,73,82,92,45,95,82,28,52,81,57,42,89,94,30,18,79,62,44,87,58,62,30,38,91,22,70,70,96,23,18,51,67,21,45,66,28,8,43,
