42,45,44,93,9,100,36,42,60,15,29,77,34,53,31,5,93,3,14,29,77,53,50,55,83,81,18,53,28,13,67,90,93,3,90,8,8,31,42,9,6,98,14,86,34,15,54,100,72,94,47,7,50,91,72,85,42,19,4,91,9,16,66,64,64,4,43,100,81,66,91,67,61,40,98,99,32,68,85,31,88,97,74,12,62,2,
69,49,16,31,62,90,87,17,10,51,18,88,85,87,100,53,75,67,59,45,73,83,38,88,57,25,63,44,71,92,34,77,34,23,9,95,94,79,25,96,34,48,15,45,83,26,40,82,28,21,99,77,72,23,57,65,63,80,
85,2,86,26,77,82,94,48,13,73,91,49,87,58,73,93,83,60,94,99,79,43,35,87,26,2,81,29,54,94,21,62,80,7,83,78,12,5,68,8,71,76,57,98,64,66,18,16,23,41,25,62,81,43,26,97,81,29,40,22,92,91,1,50,17,73,95,79,33,14,76,91,90,12,66,18,6,26,6,27,7,86,98,7,52,53,72,66,96,10,9,20,57,6,16,5,41,51,90,24,28,67,56,59,63,4,100,21,26,47,74,85,41,83,12,23,40,69,23,34,94,86,74,37,72,56,43,27,32,12,
32,44,3,88,96,98,16,36,28,39,46,63,65,8,76,31,5,36,43,89,99,50,87,10,9,7,47,23,42,65,81,46,22,56,98,82,75,79,33,97,32,62,40,87,91,47,18,98,40,52,64,70,92,88,86,66,61,83,50,25,21,13,20,89,98,24,22,29,40,59,95,75,16,82,99,19,77,41,77,89,51,83,28,12,52,12,31,56,23,3,26,71,28,54,49,84,36,48,65,57,21,3,100,28,76,55,14,33,14,14,93,85,40,56,47,51,2,69,80,55,88,41,72,57,4,92,78,69,7,59,12,84,92,41,9,37,45,89,93,9,32,88,34,62,85,98,99,58,47,51,32,14,44,7,17,59,33,21,
74,4,71,82,14,69,81,72,15,96,46,87,6,99,54,8,6,77,93,5,73,87,99,78,50,77,11,55,10,28,66,13,89,69,51,43,61,70,98,36,66,11,75,70,50,79,40,55,99,81,24,81,95,94,94,97,51,8,8,57,7,11,57,60,5,67,34,92,68,73,71,85,69,78,77,41,16,7,58,72,36,79,38,38,7,71,84,10,41,12,44,47,65,13,3,12,24,60,68,37,78,42,84,52,98,93,29,29,70,43,14,78,89,38,84,28,66,20,30,46,10,94,32,31,65,76,62,32,39,63,
14,21,83,60,37,67,1,31,54,56,32,43,60,6,3,19,85,47,60,81,51,41,4,23,24,1,83,47,13,8,9,19,51,10,13,96,53,50,45,86,52,39,89,77,74,70,30,70,3,40,68,4,27,44,52,98,81,39,83,48,37,23,92,48,52,64,33,91,34,47,69,81,19,26,95,20,55,50,82,22,29,33,60,9,67,98,57,15,86,99,37,38,61,95,8,96,57,100,17,41,54,63,13,90,74,68,44,63,87,10,2,80,78,38,80,63,34,58,20,39,5,72,22,39,24,31,37,69,36,8,86,51,20,78,76,56,41,61,46,89,25,20,
5,43,21,74,69,33,86,7,10,2,10,8,23,56,30,7,84,42,27,63,94,61,16,62,52,91,95,28,6,76,86,86,24,13,35,1,54,98,49,65,36,75,82,16,64,100,7,58,5,46,24,83,84,4,90,6,72,5,
30,60,37,70,88,17,44,76,4,85,76,77,28,93,79,95,85,77,60,44,12,55,15,87,34,96,39,54,25,95,38,45,11,3,20,3,23,18,46,39,19,6,68,65,35,30,60,86,78,35,27,72,5,39,23,75,17,42,33,34,66,14,72,98,29,3,37,1,43,37,10,4,39,47,14,48,70,35,75,80,61,62,36,75,42,29,47,67,3,52,30,35,35,19,27,73,51,49,98,64,50,3,47,91,24,99,48,45,77,69,63,67,71,13,45,78,6,69,15,68,20,47,79,79,86,22,51,71,87,34,43,64,65,82,15,54,25,5,22,56,80,20,36,2,27,75,
10,53,85,91,50,88,84,20,56,50,2,18,74,42,64,96,69,55,11,73,64,38,85,4,84,9,6,45,59,88,43,15,81,35,13,91,31,13,18,36,44,87,62,80,4,44,21,37,16,77,69,35,88,38,5,66,7,83,89,92,54,80,98,89,44,71,25,30,20,10,48,31,47,27,52,96,36,24,5,65,87,27,27,77,2,73,72,44,1,67,44,57,34,28,25,80,100,99,69,83,36,76,11,45,5,31,76,7,97,25,51,69,37,72,71,84,89,49,74,85,52,92,56,88,80,56,25,42,16,33,74,27,25,53,97,81,22,97,76,92,5,81,1,24,64,36,15,75,21,62,81,37,33,48,43,55,
45,2,37,17,52,67,41,61,32,45,45,37,16,80,42,16,12,60,30,33,36,59,81,98,26,30,89,27,72,97,22,54,91,72,87,65,53,42,5,19,69,100,36,17,57,94,91,32,57,68,45,61,73,66,58,13,25,7,94,3,37,18,87,79,40,60,47,46,3,69,11,93,76,40,45,91,43,15,70,31,43,31,
