10,65,37,56,16,99,96,40,54,38,18,16,39,36,65,73,2,42,79,44,91,59,61,72,49,47,5,94,81,71,77,7,40,24,35,63,71,81,61,84,30,21,17,27,12,35,77,0,41,3,74,43,96,77,76,9,86,56,59,100,53,30,60,94,44,41,19,96,10,11,8,92,9,64,78,20,13,8,6,29,41,6,100,42,56,45,14,80,100,26,86,11,28,65,90,82,48,69,91,
55,6,3,67,56,22,58,15,55,5,21,30,82,83,59,13,1,27,23,60,65,50,91,50,22,79,91,76,83,72,56,90,31,23,61,30,44,76,73,61,60,88,30,75,33,14,32,56,36,92,97,36,70,51,80,4,29,79,41,30,69,60,52,23,93,33,87,24,86,99,93,17,29,49,19,49,78,29,37,68,48,47,82,77,39,69,53,15,34,67,27,16,36,11,32,
55,74,89,58,4,42,72,0,3,3,94,44,15,86,1,7,9,52,19,100,2,55,92,33,27,11,29,48,86,0,64,81,37,57,44,45,98,65,26,84,86,98,85,77,14,8,92,96,52,19,68,11,58,37,49,48,93,
29,37,17,17,36,68,57,80,98,80,54,98,69,35,43,0,43,21,53,59,45,25,32,56,10,99,74,43,28,73,7,22,15,29,1,37,13,72,53,1,76,20,37,59,98,71,70,47,55,35,21,3,18,86,14,74,61,56,79,77,32,46,76,98,87,72,3,76,55,91,49,22,97,49,49,9,97,38,93,84,28,32,24,85,79,97,
55,48,17,68,82,74,43,90,19,52,48,89,49,10,46,65,61,27,14,17,28,28,95,41,58,74,30,95,62,7,86,93,92,24,33,15,78,86,89,68,55,86,74,56,90,42,36,0,25,27,30,16,24,18,18,10,94,59,6,36,96,97,100,47,76,72,49,10,33,67,38,32,5,95,87,74,35,
15,3,85,2,27,73,78,52,31,10,7,87,20,69,39,59,84,96,57,24,70,18,90,37,10,78,96,38,91,66,30,10,33,27,80,22,39,16,66,25,53,27,39,26,5,30,65,89,18,34,77,34,74,11,12,79,73,27,57,89,37,38,84,
8,4,77,78,20,54,99,56,45,24,99,71,27,70,32,74,57,44,18,67,13,76,38,78,74,49,27,11,58,71,98,4,75,35,56,20,92,3,91,1,2,85,37,34,10,94,83,48,17,3,12,39,2,
23,84,86,14,46,24,45,56,0,34,21,58,74,34,35,2,83,25,62,100,86,12,38,59,30,9,77,62,20,31,32,44,34,63,14,72,82,15,15,69,19,42,37,35,18,29,32,49,30,84,86,68,37,69,74,7,76,63,69,9,34,63,72,0,94,40,61,89,66,97,26,86,62,14,98,73,90,59,81,13,17,86,8,50,42,64,
68,92,97,32,54,20,76,17,33,67,61,67,80,75,28,86,93,61,11,47,45,53,11,56,38,30,87,44,62,47,24,72,55,72,90,18,13,58,79,47,98,47,32,18,14,23,66,11,96,76,61,5,36,83,10,24,75,39,67,49,37,8,40,56,44,24,86,7,14,5,37,19,77,31,94,81,35,39,57,6,13,18,18,87,
30,1,51,62,79,40,33,97,100,92,43,82,43,97,8,10,89,67,1,70,31,17,62,49,46,89,31,68,78,45,75,70,36,52,68,56,82,50,38,81,40,42,15,97,16,96,15,80,63,48,68,22,29,36,25,10,0,97,3,35,89,96,23,81,41,27,36,18,30,26,78,77,49,16,94,56,55,70,
