92,45,66,11,78,19,26,26,18,92,43,14,35,4,23,19,7,97,19,89,72,94,52,89,66,11,2,88,16,26,30,98,97,89,86,43,46,57,20,2,85,53,23,1,13,5,98,81,32,18,1,68,100,19,91,61,17,39,70,75,5,7,45,41,8,52,16,16,23,32,95,78,53,50,39,59,83,74,18,73,12,77,64,26,100,26,14,35,82,5,90,60,50,61,9,95,52,25,66,51,65,97,50,33,70,51,39,56,47,96,17,93,30,74,87,26,58,76,76,95,82,6,39,26,
6,12,77,28,1,86,57,33,38,32,63,36,48,78,45,3,97,89,52,50,50,10,25,39,97,42,5,24,52,65,54,58,99,68,24,45,93,61,70,12,55,86,82,88,45,61,97,54,42,69,79,3,70,62,56,72,39,80,64,76,76,42,18,88,29,73,43,6,17,61,1,29,67,59,10,6,20,45,30,30,45,19,30,69,94,82,12,100,15,62,
46,64,15,17,83,89,30,95,73,29,47,12,67,50,20,77,79,74,9,80,24,63,32,53,95,85,
95,53,78,2,100,35,65,73,92,11,72,52,27,30,52,15,29,66,2,6,36,49,71,40,47,23,72,70,100,93,10,34,58,57,89,67,29,54,51,39,42,18,24,48,58,98,7,59,72,46,95,12,25,76,81,28,77,20,85,11,48,97,42,29,60,96,82,83,33,87,12,13,25,38,64,93,46,80,48,100,100,36,9,67,75,43,68,6,78,4,14,40,34,94,55,18,4,9,56,38,37,24,42,30,94,1,63,76,6,4,83,40,27,39,69,50,21,42,40,63,99,44,31,99,76,49,87,30,5,88,34,3,97,90,86,35,40,2,6,38,51,78,57,4,83,11,96,65,33,58,18,28,80,30,23,24,54,94,65,68,15,59,66,60,97,54,4,95,32,1,71,47,72,41,73,17,34,14,51,89,71,18,78,66,75,1,98,33,13,95,77,96,94,8,25,65,9,5,
2,31,56,54,64,59,29,77,60,66,53,26,19,47,9,99,78,85,95,36,44,98,8,41,43,20,64,62,50,71,93,17,10,79,21,10,59,64,67,37,9,12,53,67,68,76,13,50,65,60,2,56,43,60,29,41,95,56,1,97,100,20,8,66,12,9,1,7,72,6,79,3,7,76,93,66,16,100,40,16,55,77,42,10,19,98,15,32,49,98,67,100,66,58,39,97,99,26,53,67,44,21,52,6,44,38,24,14,41,19,24,8,60,97,27,55,9,63,32,43,41,1,94,97,19,64,1,40,51,41,35,3,74,44,58,55,7,37,75,96,35,11,19,8,29,68,31,63,31,73,
70,3,70,52,87,11,74,69,90,20,80,7,31,90,45,8,37,22,16,27,52,52,25,80,17,75,7,51,78,82,2,41,31,61,72,71,89,68,56,77,10,63,64,65,20,78,55,47,42,63,73,26,69,30,52,39,41,18,38,15,84,26,31,40,61,45,
69,46,47,6,43,96,69,34,56,85,3,49,16,24,53,24,69,8,71,44,92,32,3,54,32,69,13,71,37,54,27,40,36,91,39,17,38,72,63,67,32,55,58,91,39,85,66,75,38,65,59,64,74,17,64,77,46,18,96,92,79,30,45,22,98,57,28,4,94,20,83,74,36,66,59,54,36,88,3,90,32,74,7,29,92,61,39,58,3,84,7,48,100,37,62,29,78,16,100,88,25,98,62,26,
94,67,43,26,58,67,17,71,88,49,61,97,18,62,99,90,86,27,49,82,39,93,57,71,23,59,63,23,71,81,75,18,5,64,41,5,11,66,2,29,22,17,65,54,6,6,7,91,70,99,86,20,28,4,90,1,56,98,88,87,87,79,33,36,10,55,94,4,29,59,24,38,36,27,63,54,72,40,15,68,13,4,30,81,55,4,6,77,18,27,49,68,27,58,90,4,34,47,77,70,26,57,99,83,79,53,24,44,4,28,13,7,52,92,85,18,80,52,60,25,9,82,57,49,11,30,58,45,59,70,45,100,67,1,11,89,39,28,38,44,88,43,84,21,15,6,62,1,94,98,99,56,84,28,26,35,9,65,39,92,76,50,20,93,23,16,87,58,93,32,18,72,93,38,
8,38,29,73,9,10,38,26,22,23,96,38,53,36,56,14,3,76,27,87,14,25,93,98,4,39,74,85,1,58,99,53,93,36,99,59,10,78,71,29,74,77,41,85,91,7,46,1,48,46,19,52,21,99,50,57,9,38,33,78,58,98,75,5,88,1,31,51,37,7,31,45,40,62,4,38,88,55,85,12,19,96,55,80,22,3,92,39,67,4,78,81,
45,81,32,35,96,5,65,100,89,46,33,53,20,75,87,20,29,45,62,53,15,20,82,74,70,87,90,77,28,22,12,6,74,66,34,8,71,96,63,14,60,13,81,36,77,89,98,50,53,94,99,79,4,29,8,92,41,44,42,42,23,32,32,66,72,8,61,17,16,8,96,24,66,18,15,26,39,71,65,86,74,73,76,67,80,16,21,87,79,35,13,98,82,80,3,61,96,8,37,2,55,7,70,34,34,7,71,44,6,75,35,36,28,33,43,20,8,22,58,68,23,93,66,97,74,7,46,79,60,35,72,46,10,15,70,46,35,86,67,44,11,5,69,62,95,83,9,7,64,15,72,13,23,21,55,100,71,82,78,52,3,19,15,5,55,99,92,2,7,83,
