8,55,20,21,18,14,16,100,70,46,79,23,3,37,68,4,78,1,88,96,46,2,0,97,27,62,31,6,52,7,31,20,16,35,58,27,28,61,80,
93,47,59,76,63,54,10,83,2,16,57,51,12,63,35,40,11,72,92,87,59,81,91,41,20,11,82,85,16,13,86,90,80,86,50,38,57,5,40,11,76,21,13,28,79,11,93,85,84,82,99,70,13,40,38,77,27,60,76,68,90,47,38,95,4,15,14,27,69,9,56,60,37,18,65,28,24,56,90,38,
62,96,74,0,35,58,97,67,75,81,88,52,37,69,32,53,37,100,31,4,66,78,46,36,27,58,44,75,21,24,68,80,31,88,57,41,79,41,56,34,89,49,65,96,81,61,78,64,54,67,84,77,18,88,93,94,26,17,42,89,48,19,75,70,42,69,49,30,74,2,54,49,71,56,89,93,22,69,26,36,56,88,3,66,79,41,35,81,1,49,92,92,
92,20,49,26,96,59,18,51,88,50,18,75,35,53,80,57,69,15,96,78,60,65,97,25,46,32,56,47,94,47,78,68,100,79,52,16,29,12,7,69,93,53,51,87,12,16,31,4,5,79,20,7,28,1,53,63,51,77,69,3,33,
31,31,79,86,12,11,82,43,20,88,10,32,34,60,64,43,56,39,91,33,76,55,84,99,9,21,35,73,38,56,75,64,49,46,10,69,4,100,77,25,30,64,20,36,54,52,71,85,0,58,72,52,91,65,47,75,0,16,85,69,85,70,41,35,88,10,31,64,17,34,6,13,82,79,28,17,11,73,1,14,41,56,18,3,36,33,94,49,
27,11,61,84,51,35,18,94,86,27,62,66,78,78,97,87,6,89,54,86,94,48,58,68,68,74,0,33,78,84,95,11,93,8,60,86,7,46,53,80,1,73,46,62,62,46,4,79,30,90,70,59,82,57,33,70,12,41,92,23,87,68,40,64,1,47,12,19,11,28,76,97,42,19,44,93,
45,40,100,83,72,19,11,42,46,33,39,11,54,5,76,9,20,71,6,91,92,25,1,18,41,99,76,89,65,23,89,0,68,60,69,77,83,22,84,47,96,64,41,1,47,50,18,91,63,14,22,74,9,95,57,16,68,26,27,17,59,94,34,12,33,12,20,31,82,82,87,13,92,99,85,81,55,0,32,99,61,15,
62,93,68,79,52,84,60,10,24,58,90,75,8,94,36,76,74,73,47,34,51,41,56,21,85,2,43,69,82,72,97,51,97,95,59,7,
46,56,26,86,61,44,70,69,47,13,94,45,14,1,51,14,41,9,97,45,97,74,84,63,35,64,9,34,91,25,69,98,38,42,94,36,56,16,8,37,91,2,7,70,98,82,82,14,25,20,5,21,56,93,52,17,10,25,41,52,54,59,40,67,97,60,94,8,44,94,66,13,18,52,29,
9,53,21,44,6,74,10,87,8,82,36,45,29,38,3,38,85,67,54,61,73,94,30,49,91,78,5,82,50,36,52,89,1,97,28,55,37,20,25,97,90,92,63,17,44,28,44,86,37,85,83,80,1,19,75,15,10,90,50,54,98,51,76,15,7,38,54,49,80,9,85,32,12,12,82,13,39,59,45,
